%YAML:1.0
---
cam1_intrinsics: !!opencv-matrix
   rows: 3
   cols: 3
   dt: d
   data: [ 4.6427414164377396e+03, 0., 1.4580606302431825e+03, 0.,
       4.6335449973943050e+03, 1.2650935596064303e+03, 0., 0., 1. ]
cam1_distorsion: !!opencv-matrix
   rows: 1
   cols: 5
   dt: d
   data: [ -3.4728940903440952e-01, -5.0030335392617464e-01,
       -3.8402212631475242e-04, 8.5140605539469073e-05,
       3.4568996452167808e+00 ]
cam1_size: [ 3264, 2448 ]
cam2_intrinsics: !!opencv-matrix
   rows: 3
   cols: 3
   dt: d
   data: [ 4.6752318433784039e+03, 0., 1.3160412936627501e+03, 0.,
       4.6985161370057212e+03, 1.3203849478211005e+03, 0., 0., 1. ]
cam2_distorsion: !!opencv-matrix
   rows: 1
   cols: 5
   dt: d
   data: [ -3.5206115601591953e-01, -7.1536748591433896e-01,
       -1.5643632745492590e-03, 5.3050553628595232e-03,
       6.0851581080604964e+00 ]
cam2_size: [ 3264, 2448 ]
R: !!opencv-matrix
   rows: 3
   cols: 3
   dt: d
   data: [ 9.9982277887889737e-01, 1.3903987678028501e-02,
       1.2692122026235405e-02, -1.3687134908753416e-02,
       9.9976153903920384e-01, -1.7015504575303774e-02,
       -1.2925678816572918e-02, 1.6838770282055385e-02,
       9.9977466593353881e-01 ]
T: !!opencv-matrix
   rows: 3
   cols: 1
   dt: d
   data: [ -1.8547267247171959e-01, 1.9043202257554811e-03,
       1.1743564936456936e-02 ]
stereo_error: 9.3431129455110395e-01
calibration_time: "Sat Dec 19 14:46:43 2020"
